positive/000352.jpg 2 23 20 1 5 23 20 134 169
positive/000353.jpg 1 25 21 131 176
positive/000354.jpg 1 28 33 142 158
positive/000355.jpg 1 47 54 86 127
positive/000356.jpg 1 39 29 93 151
positive/000357.jpg 1 26 16 137 178
positive/000358.jpg 1 20 34 128 160
positive/000359.jpg 1 22 12 126 182
positive/000360.jpg 1 22 12 120 176
positive/000361.jpg 1 31 36 119 143
positive/000362.jpg 1 37 49 109 137
positive/000363.jpg 1 50 36 124 156
positive/000364.jpg 1 34 39 121 155
positive/000365.jpg 1 40 33 118 146
positive/000366.jpg 1 56 72 112 129
positive/000367.jpg 1 35 23 127 162
positive/000368.jpg 1 33 32 107 157
positive/000369.jpg 1 26 31 113 149
positive/000370.jpg 1 20 46 99 138
positive/000371.jpg 1 48 41 110 140
positive/000372.jpg 1 56 35 102 158
positive/000373.jpg 1 22 38 114 145
positive/000374.jpg 1 51 58 90 124
positive/000375.jpg 1 63 52 92 143
positive/000376.jpg 1 49 51 112 134
positive/000377.jpg 1 34 40 117 146
positive/000378.jpg 1 25 48 101 144
positive/000379.jpg 1 31 52 94 130
positive/000380.jpg 1 21 34 104 155
positive/000381.jpg 1 49 43 110 145
positive/000382.jpg 1 36 29 109 160
positive/000383.jpg 1 50 41 92 141
positive/000384.jpg 1 43 40 104 149
positive/000385.jpg 1 14 37 112 169
positive/000386.jpg 1 39 62 91 121
positive/000387.jpg 1 38 44 106 144
positive/000388.jpg 1 41 59 97 126
positive/000389.jpg 1 39 36 93 149
positive/000390.jpg 1 42 57 108 132
positive/000391.jpg 1 47 59 98 125
positive/000392.jpg 1 38 59 102 123
positive/000393.jpg 1 46 46 105 147
positive/000394.jpg 1 34 51 102 145
positive/000395.jpg 1 32 55 86 132
positive/000396.jpg 1 41 53 104 132
positive/000397.jpg 1 36 49 101 131
positive/000398.jpg 1 51 63 92 112
positive/000399.jpg 1 39 60 101 119
positive/000400.jpg 1 49 86 80 93
positive/000401.jpg 1 50 58 89 125
positive/000402.jpg 1 44 68 97 114
positive/000403.jpg 1 50 95 86 95
positive/000404.jpg 1 45 67 102 116
positive/000405.jpg 1 53 63 90 116
positive/000406.jpg 1 37 57 100 136
positive/000407.jpg 1 57 58 97 135
positive/000408.jpg 1 34 65 104 112
positive/000409.jpg 1 58 45 100 143
positive/000410.jpg 1 60 35 112 155
positive/000411.jpg 1 43 45 102 149
positive/000412.jpg 1 45 59 106 122
positive/000413.jpg 1 18 50 116 149
positive/000414.jpg 1 40 56 104 136
positive/000415.jpg 1 35 50 115 128
positive/000416.jpg 1 45 89 92 93
positive/000417.jpg 1 13 53 98 162
positive/000418.jpg 1 51 62 101 129
positive/000419.jpg 1 39 76 100 107
positive/000420.jpg 1 41 69 94 119
positive/000421.jpg 1 32 56 89 134
positive/000422.jpg 1 43 73 98 112
positive/000423.jpg 1 47 62 92 114
positive/000424.jpg 1 40 72 95 116
positive/000425.jpg 1 41 69 95 127
positive/000426.jpg 1 46 73 101 109
positive/000427.jpg 1 34 48 112 141
positive/000428.jpg 1 39 60 103 129
positive/000429.jpg 1 44 57 97 132
positive/000430.jpg 1 45 48 95 139
positive/000431.jpg 1 53 60 95 127
positive/000432.jpg 1 45 59 90 117
positive/000433.jpg 1 44 60 106 132
positive/000434.jpg 1 40 63 96 113
positive/000435.jpg 1 42 50 103 143
positive/000436.jpg 1 44 58 94 127
positive/000437.jpg 1 58 62 95 141
positive/000438.jpg 1 47 51 107 135
positive/000439.jpg 1 55 57 92 120
positive/000440.jpg 1 34 48 104 139
positive/000441.jpg 1 39 55 105 134
positive/000442.jpg 1 35 49 110 131
positive/000443.jpg 1 31 44 102 143
positive/000444.jpg 1 38 46 94 142
positive/000445.jpg 1 41 55 98 132
positive/000446.jpg 1 48 59 98 139
positive/000447.jpg 1 35 63 99 125
positive/000448.jpg 1 50 71 84 121
positive/000449.jpg 1 35 47 100 141
positive/000450.jpg 1 33 60 103 130
positive/000451.jpg 1 37 59 106 126
positive/000452.jpg 1 34 45 107 149
positive/000453.jpg 1 63 78 75 115
positive/000454.jpg 1 18 46 106 155
positive/000455.jpg 1 40 52 99 135
positive/000456.jpg 1 41 70 100 118
positive/000457.jpg 1 49 64 91 125
positive/000458.jpg 1 38 77 105 113
positive/000459.jpg 1 43 75 87 110
positive/000460.jpg 1 53 73 105 122
positive/000461.jpg 1 35 58 100 126
positive/000462.jpg 1 36 64 103 123
positive/000463.jpg 1 41 59 117 120
positive/000464.jpg 1 42 57 87 132
positive/000465.jpg 1 33 68 115 120
positive/000466.jpg 1 46 73 98 107
positive/000467.jpg 1 28 60 110 127
positive/000468.jpg 1 52 56 99 123
positive/000469.jpg 1 48 72 78 111
positive/000470.jpg 1 31 62 114 122
positive/000471.jpg 1 50 53 88 139
positive/000472.jpg 1 29 56 116 136
positive/000473.jpg 1 35 56 102 129
positive/000474.jpg 1 39 66 98 130
positive/000475.jpg 1 43 74 92 120
positive/000476.jpg 1 45 62 95 124
positive/000477.jpg 1 39 67 114 117
positive/000478.jpg 1 44 63 89 118
positive/000479.jpg 1 48 51 95 137
positive/000480.jpg 1 52 69 80 104
positive/000481.jpg 1 42 53 105 124
positive/000482.jpg 1 53 67 86 112
positive/000483.jpg 1 57 50 97 139
positive/000484.jpg 1 41 69 94 124
positive/000485.jpg 1 31 63 98 129
positive/000486.jpg 1 55 35 96 165
positive/000487.jpg 1 42 56 96 134
positive/000488.jpg 1 45 59 82 114
positive/000489.jpg 1 44 53 99 138
positive/000490.jpg 1 27 52 89 135
positive/000491.jpg 1 40 59 85 127
positive/000492.jpg 1 52 58 92 122
positive/000493.jpg 1 48 70 90 117
positive/000494.jpg 1 43 52 91 131
positive/000495.jpg 1 39 54 98 140
positive/000496.jpg 1 38 71 107 113
positive/000497.jpg 1 43 57 99 132
positive/000498.jpg 1 31 40 108 146
positive/000499.jpg 1 59 66 73 118
positive/000500.jpg 1 53 53 90 139
positive/000501.jpg 1 34 66 106 126
positive/000502.jpg 1 47 69 83 109
positive/000503.jpg 1 47 59 84 120
positive/000504.jpg 1 36 72 104 113
positive/000505.jpg 1 36 61 100 123
positive/000506.jpg 1 40 70 106 116
positive/000507.jpg 1 40 69 93 110
positive/000508.jpg 1 41 84 98 110
positive/000509.jpg 1 42 79 113 108
positive/000510.jpg 1 33 73 102 113
positive/000511.jpg 1 41 78 102 114
positive/000512.jpg 1 64 71 78 109
positive/000513.jpg 1 46 77 93 107
positive/000514.jpg 1 43 83 103 110
positive/000515.jpg 1 38 82 100 102
positive/000516.jpg 1 43 84 95 95
positive/000517.jpg 1 25 77 111 114
positive/000518.jpg 1 30 73 103 120
positive/000519.jpg 1 48 82 94 104
positive/000520.jpg 1 51 78 86 109
positive/000521.jpg 1 49 75 98 117
positive/000522.jpg 1 38 85 98 113
positive/000523.jpg 1 34 70 114 120
positive/000524.jpg 1 44 59 116 126
positive/000525.jpg 1 40 62 116 121
positive/000526.jpg 1 34 75 94 112
positive/000527.jpg 1 35 50 106 131
positive/000528.jpg 1 43 64 88 124
positive/000529.jpg 1 14 49 106 145
positive/000530.jpg 1 55 70 84 112
positive/000531.jpg 1 31 63 102 127
positive/000532.jpg 1 46 70 89 108
positive/000533.jpg 1 35 62 92 124
positive/000534.jpg 1 43 69 102 121
positive/000535.jpg 1 47 75 111 115
positive/000536.jpg 1 45 78 83 102
positive/000537.jpg 1 42 82 99 97
positive/000538.jpg 1 39 75 88 117
positive/000539.jpg 1 33 80 106 101
positive/000540.jpg 1 41 63 111 128
positive/000541.jpg 1 40 83 86 92
positive/000542.jpg 1 34 77 100 110
positive/000543.jpg 1 42 77 85 112
positive/000544.jpg 1 54 79 83 103
positive/000545.jpg 1 38 63 102 120
positive/000546.jpg 1 49 78 110 104
positive/000547.jpg 1 36 72 87 117
positive/000548.jpg 1 43 70 102 109
positive/000549.jpg 1 46 73 89 105
positive/000550.jpg 1 46 60 89 112
positive/000551.jpg 1 43 65 102 122
positive/000552.jpg 1 43 61 98 126
positive/000553.jpg 1 43 62 93 119
positive/000554.jpg 1 45 72 90 113
positive/000555.jpg 1 45 69 96 131
positive/000556.jpg 1 43 65 107 122
positive/000557.jpg 1 25 48 102 129
positive/000558.jpg 1 30 59 96 127
positive/000559.jpg 1 36 67 99 114
positive/000560.jpg 1 45 59 84 127
positive/000561.jpg 1 34 55 108 136
positive/000562.jpg 1 46 66 79 115
positive/000563.jpg 1 39 65 91 124
positive/000564.jpg 1 47 69 87 108
positive/000565.jpg 1 31 59 117 131
positive/000566.jpg 1 37 48 110 137
positive/000567.jpg 1 40 56 99 139
positive/000568.jpg 1 39 53 108 138
positive/000569.jpg 1 49 70 96 120
positive/000570.jpg 1 53 54 82 127
positive/000571.jpg 1 37 65 96 128
positive/000572.jpg 1 36 52 97 139
positive/000573.jpg 1 27 32 91 163
positive/000574.jpg 1 36 62 106 133
positive/000575.jpg 1 41 61 97 124
positive/000576.jpg 1 35 55 90 132
positive/000577.jpg 1 23 55 107 130
positive/000578.jpg 1 45 59 100 122
positive/000579.jpg 1 50 49 102 138
positive/000580.jpg 1 41 71 89 107
positive/000581.jpg 1 31 54 107 134
positive/000582.jpg 1 31 51 105 142
positive/000583.jpg 1 22 38 123 155
positive/000584.jpg 1 28 61 99 134
positive/000585.jpg 1 41 60 95 124
positive/000586.jpg 1 31 44 109 149
positive/000587.jpg 1 33 50 119 137
positive/000588.jpg 1 41 53 114 140
positive/000589.jpg 1 39 57 105 128
positive/000590.jpg 1 41 55 118 134
positive/000591.jpg 1 37 42 111 144
positive/000592.jpg 1 27 47 107 143
positive/000593.jpg 1 55 42 113 153
positive/000594.jpg 1 40 59 102 124
positive/000595.jpg 1 34 47 112 144
positive/000596.jpg 1 32 64 120 122
positive/000597.jpg 1 53 64 95 119
positive/000598.jpg 1 51 56 108 126
positive/000599.jpg 1 32 61 109 128
positive/000600.jpg 1 45 56 92 119
positive/000601.jpg 1 40 62 93 116
positive/000602.jpg 1 37 67 108 123
positive/000603.jpg 1 43 68 95 111
positive/000604.jpg 1 42 54 103 144
positive/000605.jpg 1 45 61 104 131
positive/000606.jpg 1 23 60 103 127
positive/000607.jpg 1 38 60 98 121
positive/000608.jpg 1 51 67 103 124
positive/000609.jpg 1 47 55 86 130
positive/000610.jpg 1 44 58 94 129
positive/000611.jpg 1 38 51 111 128
positive/000612.jpg 1 28 47 94 134
positive/000613.jpg 1 46 52 91 134
positive/000614.jpg 1 19 44 101 136
positive/000615.jpg 1 38 55 105 125
positive/000616.jpg 1 35 40 116 153
positive/000617.jpg 1 19 40 126 145
positive/000618.jpg 1 33 45 122 146
positive/000619.jpg 1 34 49 106 139
positive/000620.jpg 1 42 37 122 171
positive/000621.jpg 1 40 40 113 152
positive/000622.jpg 1 44 48 104 140
positive/000623.jpg 1 11 50 120 149
positive/000624.jpg 1 30 55 104 127
